      日期	    开盘	    最高	    最低	    收盘	    成交量	    成交额
2023/01/03	3087.51	3119.86	3073.05	3116.51	281370362	331392122880.00
2023/01/04	3117.57	3129.09	3109.45	3123.52	273313626	316391227392.00
2023/01/05	3132.76	3159.43	3130.23	3155.22	257003018	335635939328.00
2023/01/06	3155.07	3170.74	3151.84	3157.64	257380255	338539839488.00
2023/01/09	3169.37	3183.58	3165.43	3176.08	258115218	342693773312.00
2023/01/10	3178.02	3178.16	3165.14	3169.51	232984175	310357688320.00
2023/01/11	3172.38	3184.76	3160.89	3161.84	237742869	309248884736.00
2023/01/12	3167.27	3171.59	3153.40	3163.45	216671305	275371851776.00
2023/01/13	3170.35	3195.31	3167.51	3195.31	220226897	288062504960.00
2023/01/16	3198.52	3251.37	3197.32	3227.59	306749549	413219651584.00
2023/01/17	3229.44	3231.26	3211.76	3224.24	226592230	302611791872.00
2023/01/18	3227.59	3234.82	3220.37	3224.41	212109730	266068180992.00
2023/01/19	3221.52	3240.28	3210.38	3240.28	226465030	296815558656.00
2023/01/20	3247.20	3267.06	3247.20	3264.81	273219182	329028173824.00
2023/01/30	3308.87	3310.49	3266.76	3269.32	353325829	453177016320.00
2023/01/31	3266.14	3277.25	3252.01	3255.67	300162957	375260741632.00
2023/02/01	3262.20	3284.92	3245.41	3284.92	339509410	413395189760.00
2023/02/02	3291.78	3295.76	3272.41	3285.67	333413133	428662816768.00
2023/02/03	3275.66	3275.66	3235.35	3263.41	293342814	378648526848.00
2023/02/06	3244.70	3250.35	3226.21	3238.70	267053107	349127278592.00
2023/02/07	3245.23	3250.03	3233.83	3248.09	250946450	321257635840.00
2023/02/08	3251.50	3257.11	3230.44	3232.11	234530481	293332746240.00
2023/02/09	3227.73	3270.38	3225.77	3270.38	254754529	351760842752.00
2023/02/10	3266.44	3269.99	3247.23	3260.67	260626926	341749858304.00
2023/02/13	3256.99	3285.09	3252.63	3284.16	297213188	397011419136.00
2023/02/14	3288.97	3293.73	3279.19	3293.28	270974168	355558064128.00
2023/02/15	3294.02	3296.20	3274.55	3280.49	269939123	357621825536.00
2023/02/16	3281.74	3308.83	3231.34	3249.03	380863545	468382515200.00
2023/02/17	3244.73	3262.47	3223.26	3224.02	278451237	355625828352.00
2023/02/20	3230.47	3291.04	3225.84	3290.34	325007733	397720322048.00
2023/02/21	3291.63	3308.79	3282.44	3306.52	324409449	390691258368.00
2023/02/22	3292.05	3307.03	3286.72	3291.15	255403985	320515604480.00
2023/02/23	3293.52	3307.44	3275.36	3287.48	262324304	334364540928.00
2023/02/24	3287.26	3288.39	3253.97	3267.16	234206306	308004356096.00
2023/02/27	3257.00	3276.58	3251.72	3258.03	242855344	324605083648.00
2023/02/28	3265.74	3280.42	3246.14	3279.61	251625032	318030151680.00
2023/03/01	3279.14	3315.16	3272.04	3312.35	318398704	384387416064.00
2023/03/02	3308.01	3320.74	3306.46	3310.65	328520016	389390630912.00
2023/03/03	3314.77	3330.60	3302.62	3328.39	343996919	388860018688.00
2023/03/06	3332.02	3333.06	3308.73	3322.03	340530446	431616819200.00
2023/03/07	3320.21	3342.86	3284.41	3285.10	389957956	430081146880.00
2023/03/08	3271.88	3283.25	3263.69	3283.25	260443547	312822169600.00
2023/03/09	3285.94	3289.06	3260.00	3276.09	264021859	328825700352.00
2023/03/10	3255.51	3262.15	3229.50	3230.08	281135410	342198583296.00
2023/03/13	3228.12	3268.70	3228.12	3268.70	294928087	364414205952.00
2023/03/14	3261.92	3262.00	3216.99	3245.31	319906033	409976274944.00
2023/03/15	3261.03	3273.12	3256.86	3263.31	305168798	373276377088.00
2023/03/16	3244.47	3257.43	3224.72	3226.89	327389632	392910209024.00
2023/03/17	3245.26	3279.92	3240.16	3250.55	343001022	431983067136.00
2023/03/20	3253.93	3267.99	3231.65	3234.91	392517391	480292405248.00
2023/03/21	3240.84	3256.00	3237.89	3255.65	301810779	388047044608.00
2023/03/22	3263.41	3279.39	3255.74	3265.75	290840462	382509088768.00
2023/03/23	3258.78	3286.65	3252.99	3286.65	306118393	426564780032.00
2023/03/24	3282.74	3282.74	3260.84	3265.65	324513337	430761607168.00
2023/03/27	3261.82	3261.82	3229.70	3251.40	337861206	453585764352.00
2023/03/28	3256.60	3264.10	3241.74	3245.38	295682660	396882935808.00
2023/03/29	3253.62	3254.56	3229.58	3240.06	296900508	405542764544.00
2023/03/30	3243.07	3263.74	3220.98	3261.25	299898295	401634263040.00
2023/03/31	3263.41	3278.42	3260.04	3272.86	283613746	396689276928.00
2023/04/03	3277.34	3299.73	3276.42	3296.40	357676775	513390575616.00
2023/04/04	3297.18	3312.56	3290.99	3312.56	385871617	555811078144.00
2023/04/06	3302.75	3314.53	3296.06	3312.63	327155424	506500153344.00
2023/04/07	3312.48	3328.85	3308.06	3327.65	283032247	436372799488.00
2023/04/10	3331.51	3332.72	3309.92	3315.36	340819845	516434329600.00
2023/04/11	3317.08	3317.45	3298.25	3313.57	320566055	466895863808.00
2023/04/12	3316.86	3330.71	3315.40	3327.18	343025315	482066169856.00
2023/04/13	3321.27	3334.47	3309.25	3318.36	347862106	477587931136.00
2023/04/14	3326.37	3340.08	3316.81	3338.15	338299275	478345428992.00
2023/04/17	3337.06	3385.61	3336.39	3385.61	402809926	523790286848.00
2023/04/18	3379.23	3396.17	3375.78	3393.33	348399486	474287374336.00
2023/04/19	3391.35	3394.96	3364.64	3370.13	346123443	476496953344.00
2023/04/20	3367.05	3371.37	3344.02	3367.03	350354965	499672383488.00
2023/04/21	3364.00	3367.61	3301.26	3301.26	387395098	530517852160.00
2023/04/24	3300.81	3303.09	3264.93	3275.41	354255626	473265995776.00
2023/04/25	3276.40	3288.57	3229.45	3264.87	380895729	494240137216.00
2023/04/26	3255.22	3277.98	3239.99	3264.10	357917842	480418136064.00
2023/04/27	3256.23	3299.30	3253.11	3285.88	341590534	466175361024.00
2023/04/28	3283.12	3324.88	3283.12	3323.27	401554785	514904621056.00
2023/05/04	3306.48	3352.75	3302.03	3350.46	483364916	550494863360.00
2023/05/05	3350.65	3364.14	3321.19	3334.50	436504494	499294437376.00
2023/05/08	3340.99	3400.18	3340.99	3395.00	534103659	564661977088.00
2023/05/09	3402.39	3418.95	3356.12	3357.67	573013309	619108499456.00
2023/05/10	3347.70	3349.72	3305.25	3319.15	451739731	489553657856.00
2023/05/11	3323.66	3333.25	3307.29	3309.55	354258271	401313955840.00
2023/05/12	3304.46	3319.13	3271.43	3272.36	347314983	387081207808.00
2023/05/15	3269.88	3310.74	3235.87	3310.74	388045887	431706865664.00
2023/05/16	3310.16	3317.90	3282.49	3290.99	322479410	385386020864.00
2023/05/17	3281.97	3298.52	3269.89	3284.23	285744050	340482654208.00
2023/05/18	3288.41	3313.86	3284.17	3297.32	309967472	368435068928.00
2023/05/19	3288.89	3302.34	3268.22	3283.54	285404064	359507951616.00
2023/05/22	3278.60	3308.53	3276.54	3296.47	273889998	342448406528.00
2023/05/23	3294.79	3298.23	3246.24	3246.24	275279083	324667932672.00
2023/05/24	3237.70	3237.70	3204.38	3204.75	288720257	342677323776.00
2023/05/25	3197.36	3207.02	3168.57	3201.26	283588925	347709243392.00
2023/05/26	3198.88	3220.77	3179.82	3212.50	261700479	333319274496.00
2023/05/29	3219.76	3230.97	3208.96	3221.45	297389487	377875988480.00
2023/05/30	3214.67	3230.63	3186.63	3224.21	303532460	376622579712.00
2023/05/31	3214.66	3216.36	3190.27	3204.56	294573338	384999194624.00
2023/06/01	3196.15	3225.09	3189.52	3204.63	312330759	400981491712.00
2023/06/02	3212.45	3233.99	3211.74	3230.07	294667098	377507938304.00
2023/06/05	3231.81	3244.18	3221.63	3232.44	278060203	357810077696.00
2023/06/06	3228.41	3247.35	3189.27	3195.34	308285872	387492216832.00
2023/06/07	3197.47	3210.33	3188.01	3197.76	258063400	331083874304.00
2023/06/08	3194.83	3225.53	3180.54	3213.59	293530741	353551646720.00
2023/06/09	3213.03	3231.41	3206.10	3231.41	314155501	413341777920.00
2023/06/12	3225.30	3239.44	3210.71	3228.83	313784444	403241631744.00
2023/06/13	3223.90	3235.09	3215.50	3233.67	280628454	377193496576.00
2023/06/14	3238.12	3248.46	3226.77	3228.99	303537260	404009517056.00
2023/06/15	3230.45	3252.98	3229.15	3252.98	313255752	437522989056.00
2023/06/16	3256.30	3276.55	3255.50	3273.33	326281846	444375629824.00
2023/06/19	3271.16	3271.16	3251.78	3255.81	327753047	455226163200.00
2023/06/20	3252.54	3252.84	3237.79	3240.36	298260596	433243979776.00
2023/06/21	3230.11	3236.36	3197.90	3197.90	294377372	406234562560.00
2023/06/26	3177.23	3181.08	3144.25	3150.62	308129811	398859665408.00
2023/06/27	3153.31	3194.41	3148.27	3189.44	287604327	354487795712.00
2023/06/28	3183.49	3192.66	3157.12	3189.38	276231948	360118190080.00
2023/06/29	3185.42	3196.50	3179.53	3182.38	250340074	340636696576.00
2023/06/30	3178.92	3212.99	3177.99	3202.06	265379873	359739555840.00
2023/07/03	3209.16	3246.86	3209.16	3243.98	312371395	421353488384.00
2023/07/04	3241.23	3246.96	3233.99	3245.35	279248721	387115941888.00
2023/07/05	3240.05	3241.84	3218.60	3222.95	264016426	351234981888.00
2023/07/06	3215.86	3229.48	3199.72	3205.57	246119032	320808321024.00
2023/07/07	3197.47	3212.05	3189.21	3196.61	255688469	313607454720.00
2023/07/10	3208.73	3216.53	3192.66	3203.70	236560367	311462494208.00
2023/07/11	3211.12	3221.68	3200.38	3221.37	227600467	309950251008.00
2023/07/12	3220.38	3224.33	3193.44	3196.13	271423386	365433192448.00
2023/07/13	3202.70	3238.47	3202.70	3236.48	276620508	373242527744.00
2023/07/14	3240.97	3248.38	3234.00	3237.70	273327494	368337813504.00
2023/07/17	3219.02	3219.02	3195.89	3209.63	250208376	322074509312.00
2023/07/18	3206.79	3210.25	3190.00	3197.82	235030259	307331661824.00
2023/07/19	3195.01	3204.36	3181.56	3198.84	217355860	281206095872.00
2023/07/20	3201.91	3209.06	3165.67	3169.52	238932891	302376026112.00
2023/07/21	3163.42	3185.64	3157.33	3167.75	225331363	280673189888.00
2023/07/24	3157.47	3178.73	3151.13	3164.16	216595211	260119085056.00
2023/07/25	3201.46	3231.75	3201.46	3231.52	348617714	410846593024.00
2023/07/26	3228.09	3229.89	3212.88	3223.03	317206051	328306917376.00
2023/07/27	3225.48	3245.60	3210.47	3216.67	327118867	332145065984.00
2023/07/28	3206.74	3280.28	3200.99	3275.93	411068434	436923629568.00
2023/07/31	3287.21	3322.13	3281.01	3291.04	459030994	511505334272.00
2023/08/01	3288.76	3305.34	3279.57	3290.95	459890833	441023332352.00
2023/08/02	3281.86	3290.82	3252.30	3261.69	405341499	388952719360.00
2023/08/03	3254.57	3280.86	3247.27	3280.46	384691317	389530681344.00
2023/08/04	3296.09	3315.05	3281.73	3288.08	470927697	497188077568.00
2023/08/07	3276.78	3276.78	3258.54	3268.83	360341484	393056944128.00
2023/08/08	3260.72	3274.52	3246.67	3260.62	316520733	355750313984.00
2023/08/09	3251.15	3257.08	3240.29	3244.49	271218538	309778284544.00
2023/08/10	3242.21	3257.03	3234.12	3254.56	287412142	307263307776.00
2023/08/11	3254.48	3254.48	3189.25	3189.25	330137750	339187138560.00
2023/08/14	3159.71	3180.51	3141.66	3178.43	299840327	322632056832.00
2023/08/15	3180.56	3186.23	3147.35	3176.18	273251922	300828000256.00
2023/08/16	3164.70	3176.63	3149.72	3150.13	281728292	303611346944.00
2023/08/17	3137.35	3167.45	3123.25	3163.74	294692586	320785481728.00
2023/08/18	3165.10	3179.12	3131.95	3131.95	294390352	320449019904.00
2023/08/21	3125.99	3134.96	3092.98	3092.98	265753423	293721047040.00
2023/08/22	3103.78	3126.78	3074.53	3120.33	309316335	348637691904.00
2023/08/23	3116.27	3116.38	3077.61	3078.40	272244124	297986359296.00
2023/08/24	3085.91	3106.18	3072.95	3082.24	300024637	332447842304.00
2023/08/25	3068.62	3085.05	3053.04	3064.07	293347686	317757161472.00
2023/08/28	3219.04	3219.04	3089.12	3098.64	485607764	517234130944.00
2023/08/29	3091.94	3145.76	3090.44	3135.89	398875780	443979431936.00
2023/08/30	3144.41	3153.69	3126.90	3137.14	347511867	414729469952.00
2023/08/31	3134.55	3139.98	3113.95	3119.88	313448242	362507141120.00
2023/09/01	3126.02	3143.85	3123.19	3133.25	292310992	334739636224.00
2023/09/04	3145.94	3177.06	3143.38	3177.06	366391140	404500283392.00
2023/09/05	3169.74	3169.74	3150.08	3154.37	294061849	342760620032.00
2023/09/06	3147.14	3162.15	3136.90	3158.08	267002230	324001136640.00
2023/09/07	3152.20	3152.27	3120.82	3122.35	269264733	317186965504.00
2023/09/08	3114.23	3126.04	3104.67	3116.72	228125064	270006714368.00
2023/09/11	3119.61	3155.10	3113.82	3142.78	290442917	351883722752.00
2023/09/12	3140.34	3147.51	3134.32	3137.06	234672051	281897500672.00
2023/09/13	3137.77	3143.76	3106.97	3123.07	249701038	282015563776.00
2023/09/14	3124.85	3135.03	3111.86	3126.55	263990138	281641844736.00
2023/09/15	3133.59	3141.96	3107.45	3117.74	292026365	326091440128.00
2023/09/18	3110.44	3128.70	3098.50	3125.93	259444257	299644715008.00
2023/09/19	3123.99	3131.13	3113.53	3124.96	253652761	274062671872.00
2023/09/20	3118.67	3122.13	3108.16	3108.57	228124462	243020005376.00
2023/09/21	3103.18	3113.49	3084.70	3084.70	228659100	243536281600.00
2023/09/22	3084.76	3132.56	3078.80	3132.43	285978351	321443790848.00
2023/09/25	3131.21	3131.21	3112.15	3115.61	258071885	294635831296.00
2023/09/26	3114.02	3120.29	3102.27	3102.27	222644313	270006124544.00
2023/09/27	3104.04	3125.45	3103.84	3107.32	240495830	293421023232.00
2023/09/28	3117.75	3121.84	3105.94	3110.48	236329981	288396214272.00
2023/10/09	3100.00	3103.36	3072.64	3096.92	264422205	302662156288.00
2023/10/10	3104.37	3109.98	3073.19	3075.24	255327379	293653282816.00
2023/10/11	3085.70	3095.66	3071.94	3078.96	259918692	326562381824.00
2023/10/12	3101.71	3109.99	3092.18	3107.90	274827998	325865897984.00
2023/10/13	3092.00	3094.92	3080.55	3088.10	255085235	309538095104.00
2023/10/16	3091.06	3091.13	3063.69	3073.81	263882363	314394214400.00
2023/10/17	3076.43	3084.07	3064.89	3083.50	259019588	300026232832.00
2023/10/18	3076.58	3076.58	3057.06	3058.71	268647155	310306045952.00
2023/10/19	3043.20	3043.20	3004.77	3005.39	304038910	355069165568.00
2023/10/20	2995.36	3006.27	2977.17	2983.06	267113594	307388383232.00
2023/10/23	2969.79	2973.66	2923.51	2939.29	278904128	304028975104.00
2023/10/24	2944.31	2964.76	2929.09	2962.24	310985389	339902169088.00
2023/10/25	2986.41	2993.30	2972.42	2974.11	332392004	362846650368.00
2023/10/26	2960.10	2990.33	2956.01	2988.30	291814511	332258836480.00
2023/10/27	2978.40	3029.21	2974.88	3017.78	321803717	385692303360.00
2023/10/30	3009.61	3028.26	3002.35	3021.55	360604238	439587962880.00
2023/10/31	3019.65	3023.00	3006.61	3018.77	319859967	386277212160.00
2023/11/01	3038.18	3038.33	3013.93	3023.08	280110445	347121451008.00
2023/11/02	3028.66	3038.64	3009.12	3009.41	268794581	311936385024.00
2023/11/03	3012.47	3040.98	3012.47	3030.80	268486347	329300475904.00
2023/11/06	3047.13	3058.99	3037.69	3058.41	372949630	447638175744.00
2023/11/07	3052.92	3064.58	3042.47	3057.27	326853455	401065574400.00
2023/11/08	3051.15	3062.99	3037.29	3052.37	335677834	415289245696.00
2023/11/09	3047.65	3063.47	3045.83	3053.28	315621764	388556750848.00
2023/11/10	3043.56	3044.00	3027.09	3038.97	285546497	346913079296.00
2023/11/13	3044.03	3048.62	3028.17	3046.53	290430588	344120033280.00
2023/11/14	3046.82	3059.53	3044.43	3056.07	294844733	358249824256.00
2023/11/15	3077.03	3080.13	3064.35	3072.83	304250107	389515968512.00
2023/11/16	3066.86	3071.45	3050.93	3050.93	271079460	329364373504.00
2023/11/17	3043.62	3055.86	3033.75	3054.37	267606393	328568602624.00
2023/11/20	3056.93	3072.51	3043.51	3068.32	287556998	367109308416.00
2023/11/21	3074.83	3089.77	3063.34	3067.93	330733102	391558037504.00
2023/11/22	3060.50	3067.96	3043.61	3043.61	289056490	330385489920.00
2023/11/23	3041.68	3062.87	3034.30	3061.86	276592059	315612528640.00
2023/11/24	3060.33	3060.33	3037.20	3040.97	287788413	311509352448.00
2023/11/27	3038.19	3038.36	3015.01	3031.70	310517868	350705844224.00
2023/11/28	3028.60	3039.69	3020.23	3038.55	268920746	317303685120.00
2023/11/29	3038.46	3038.98	3017.66	3021.69	277956448	322141192192.00
2023/11/30	3021.10	3030.91	3013.77	3029.67	282945357	326755680256.00
2023/12/01	3027.35	3035.76	3010.23	3031.64	286089700	335547170816.00
2023/12/04	3033.30	3038.98	3022.35	3022.91	288162053	344279711744.00
2023/12/05	3017.01	3017.01	2972.30	2972.30	293943278	340454473728.00
2023/12/06	2966.95	2985.31	2959.60	2968.93	294104187	336218914816.00
2023/12/07	2965.65	2976.01	2949.14	2966.21	296243687	348039610368.00
2023/12/08	2965.39	2980.83	2962.33	2969.56	369138705	423492321280.00
2023/12/11	2956.29	2995.67	2930.42	2991.44	360216344	405351596032.00
2023/12/12	2986.33	3003.75	2980.45	3003.44	287638762	333170573312.00
2023/12/13	2997.34	2997.34	2968.76	2968.76	282754098	331476598784.00
2023/12/14	2979.70	2986.18	2958.07	2958.99	271457650	312658132992.00
2023/12/15	2966.30	2976.31	2940.03	2942.56	289327642	322083684352.00
2023/12/18	2936.58	2951.15	2924.33	2930.80	293086999	304915906560.00
2023/12/19	2928.76	2940.50	2914.13	2932.39	265926980	283234140160.00
2023/12/20	2932.12	2937.10	2902.04	2902.11	265562454	290838413312.00
2023/12/21	2892.02	2924.26	2882.02	2918.71	282541827	315943780352.00
2023/12/22	2919.29	2935.70	2906.51	2914.78	296628367	327498006528.00
2023/12/25	2909.88	2920.63	2903.99	2918.81	229814178	261487247360.00
2023/12/26	2917.97	2917.97	2892.84	2898.88	228140855	260220551168.00
2023/12/27	2900.15	2917.96	2890.17	2914.61	247900882	279048617984.00
2023/12/28	2913.11	2961.65	2909.39	2954.70	339213116	392449064960.00
2023/12/29	2950.84	2975.03	2950.02	2974.93	290672687	349002956800.00
2024/01/02	2972.78	2976.27	2962.28	2962.28	304141793	345950715904.00
2024/01/03	2957.11	2971.28	2953.29	2967.25	285455945	321018396672.00
2024/01/04	2965.51	2966.68	2936.63	2954.35	264980924	296291336192.00
2024/01/05	2949.82	2967.97	2916.72	2929.18	301040239	325917016064.00
2024/01/08	2923.46	2924.46	2887.54	2887.54	270275055	290730573824.00
2024/01/09	2887.11	2900.73	2878.41	2893.25	262955975	294446366720.00
2024/01/10	2886.98	2903.16	2870.42	2877.70	244046526	281192202240.00
2024/01/11	2873.80	2896.18	2867.72	2886.65	267050764	298552524800.00
2024/01/12	2880.04	2904.17	2878.88	2881.98	261602931	282877460480.00
2024/01/15	2872.56	2904.46	2869.22	2886.29	244611236	269229735936.00
2024/01/16	2881.56	2896.68	2861.13	2893.99	286286714	300837928960.00
2024/01/17	2887.29	2887.49	2833.62	2833.62	261251308	283073937408.00
2024/01/18	2822.67	2849.26	2760.98	2845.78	390396855	400709910528.00
2024/01/19	2836.97	2849.88	2822.84	2832.28	266664388	296717058048.00
2024/01/22	2826.50	2828.32	2735.37	2756.34	350165758	359918993408.00
2024/01/23	2746.89	2784.84	2724.16	2770.98	308749417	312191320064.00
2024/01/24	2782.14	2823.70	2743.40	2820.77	369070600	357316165632.00
2024/01/25	2823.83	2906.79	2821.71	2906.11	442009045	437679816704.00
2024/01/26	2897.91	2924.31	2890.48	2910.22	421109084	402400215040.00
2024/01/29	2910.61	2923.90	2883.33	2883.36	410581311	397014728704.00
2024/01/30	2866.28	2881.35	2829.25	2830.53	335661226	329254010880.00
2024/01/31	2815.50	2834.01	2782.59	2788.55	377103965	355637002240.00
2024/02/01	2773.42	2805.01	2752.78	2770.74	352889185	337547952128.00
2024/02/02	2773.29	2791.68	2666.33	2730.15	426230199	392661139456.00
2024/02/05	2716.08	2739.74	2635.09	2702.19	478990292	424877424640.00
2024/02/06	2680.48	2802.93	2669.67	2789.49	502849313	441215057920.00
2024/02/07	2791.51	2829.70	2770.53	2829.70	547117439	495919890432.00
2024/02/08	2832.49	2867.47	2827.90	2865.90	531108893	482939731968.00
2024/02/19	2886.59	2910.54	2867.71	2910.54	458967704	442148454400.00
2024/02/20	2902.88	2927.31	2887.47	2922.73	350138735	357057495040.00
2024/02/21	2906.02	2994.61	2898.05	2950.96	444245463	450922053632.00
2024/02/22	2945.45	2988.36	2944.50	2988.36	354132536	365264207872.00
2024/02/23	2992.91	3009.14	2979.97	3004.88	380083270	398232223744.00
2024/02/26	3002.12	3009.48	2967.06	2977.02	409026558	427564892160.00
2024/02/27	2966.42	3015.48	2961.15	3015.48	372984687	412614983680.00
2024/02/28	3016.26	3031.49	2957.85	2957.85	544109093	576555253760.00
2024/02/29	2943.62	3015.17	2943.62	3015.17	409696374	452808736768.00
2024/03/01	3013.82	3032.23	3003.76	3027.02	379132184	442984235008.00
2024/03/04	3026.61	3040.34	3007.68	3039.31	387760002	461727531008.00
2024/03/05	3027.10	3052.54	3022.18	3047.79	383509955	458900471808.00
2024/03/06	3041.75	3060.56	3034.35	3039.93	340982739	401334632448.00
2024/03/07	3040.21	3063.69	3023.12	3027.40	377154391	423391264768.00
2024/03/08	3026.17	3049.19	3016.90	3046.02	319204392	370647465984.00
2024/03/11	3042.62	3068.46	3035.45	3068.46	361608821	427851350016.00
2024/03/12	3068.18	3075.13	3044.86	3055.94	415743914	494558511104.00
2024/03/13	3053.34	3061.95	3031.90	3043.83	365047453	442453950464.00
2024/03/14	3042.41	3060.00	3020.64	3038.23	364072290	436338851840.00
2024/03/15	3031.52	3056.45	3023.22	3054.64	360268463	405917696000.00
2024/03/18	3057.21	3085.31	3055.92	3084.93	406653508	485520637952.00
2024/03/19	3077.98	3090.05	3062.63	3062.76	384123680	446930649088.00
2024/03/20	3058.65	3081.75	3056.65	3079.69	349187729	407432560640.00
2024/03/21	3084.41	3090.05	3069.27	3077.11	366877968	437634629632.00
2024/03/22	3070.55	3073.21	3027.76	3048.03	394740486	456762458112.00
2024/03/25	3040.50	3065.26	3026.31	3026.31	387485389	443472347136.00
2024/03/26	3026.92	3036.49	3006.26	3031.48	345928787	396410716160.00
2024/03/27	3026.81	3030.45	2993.14	2993.14	343198010	376242896896.00
2024/03/28	2988.59	3033.37	2984.12	3010.66	353200026	392929083392.00
2024/03/29	3008.38	3041.30	3008.17	3041.17	334822785	364571197440.00
2024/04/01	3049.02	3078.49	3049.02	3077.38	375393640	420902010880.00
2024/04/02	3076.88	3085.54	3063.98	3074.96	367304262	396705824768.00
2024/04/03	3074.89	3079.02	3057.40	3069.30	363211380	392704393216.00
